,Time,State,Confirmed,Recovered,Deaths,Active,New Cases
0,2021-10-11 14:19,Chandigarh,65279,64421,820,38,
1,2021-10-11 21:51,Chandigarh,65280,64423,820,37,1.0
2,2021-10-12 22:20,Chandigarh,65285,64426,820,39,5.0
3,2021-10-13 21:56,Chandigarh,65285,64428,820,37,0.0
4,2021-10-14 20:35,Chandigarh,65295,64443,820,32,10.0
5,2021-10-15 16:09,Chandigarh,65297,64447,820,30,2.0
6,2021-10-16 22:19,Chandigarh,65299,64451,820,28,2.0
7,2021-10-17 22:08,Chandigarh,65302,64457,820,25,3.0
8,2021-10-18 20:51,Chandigarh,65306,64462,820,24,4.0
9,2021-10-19 21:07,Chandigarh,65310,64465,820,25,4.0
10,2021-10-20 23:12,Chandigarh,65312,64468,820,24,2.0
11,2021-10-21 20:45,Chandigarh,65315,64469,820,26,3.0
12,2021-10-22 20:15,Chandigarh,65320,64472,820,28,5.0
13,2021-10-23 21:22,Chandigarh,65321,64474,820,27,1.0
14,2021-10-24 21:04,Chandigarh,65323,64475,820,28,2.0
15,2021-10-25 21:37,Chandigarh,65325,64476,820,29,2.0
16,2021-10-26 20:29,Chandigarh,65326,64479,820,27,1.0
17,2021-10-27 20:29,Chandigarh,65331,64482,820,29,5.0
18,2021-10-28 21:02,Chandigarh,65335,64486,820,29,4.0
19,2021-10-29 17:27,Chandigarh,65340,64490,820,30,5.0
20,2021-10-30 20:31,Chandigarh,65346,64492,820,34,6.0
